Monthly mean zonal wind components ( 0.1 m/s)
at Singapore (48698), 1N/104E

1987
hPa  JAN  FEB  MAR  APR  MAY  JUN  JUL  AUG  SEP  OCT  NOV  DEC
10  -164 -167 -144  -35  116   82   45  116  140  144  116  145
12  -300 -336 -325 -125   74   69   79  153  162  155  130  141
15  -374 -356 -331 -350  -45   60  108  145  145  139  147  106
20  -326 -307 -311 -328 -295  -11   93  124  145  133  124   86
25  -289 -280 -309 -303 -289 -152   21  112  165  128   93   58
30  -260 -266 -271 -270 -268 -247  -63   92  138  117   77   57
35  -192 -209 -219 -244 -283 -367 -179   43  131  124   86   70
40   -86 -113 -171 -236 -266 -273 -281  -14   91  113   93   78
45   -18  -21  -72 -188 -248 -293 -311  -85   48  114   82   76
50    39   32   19  -74 -192 -231 -267 -224  -62   68   83   66
60   102   87   73   51  -12 -154 -204 -213 -209  -18   49   62
70    57   61   22  -04  -02  -74 -145 -148 -133 -115  -37  -02
80    11   46  -37  -63  -15  -52 -108 -100  -90 -110  -97  -27
90   -34  -29   03  -26  -29  -63  -61 -135 -114 -139  -87  -52

1988
hPa  JAN  FEB  MAR  APR  MAY  JUN  JUL  AUG  SEP  OCT  NOV  DEC
10    66  -43  -89 -147 -210 -243 -245 -312 -346 -341 -180 -122
12    83  -08  -94 -186 -250 -275 -295 -329 -387 -366 -325 -277
15   101   05 -158 -215 -281 -274 -309 -372 -373 -371 -334 -335
20    89   12  -53 -150 -258 -297 -322 -327 -334 -321 -306 -306
25    60   30   39   14  -63 -204 -251 -224 -217 -231 -232 -248
30    54   46   78   70   50  -23 -102  -63  -50  -81 -101  -99
35    46   93  110   96  109   75   32   60   62   30   04   11
40    91   95  100   94  123  105   96   99   94   93  110  136
45   111  112   88   94  115  112  104  125  130  116  109  149
50    91   77   74   68   92   98  105  103  104  100  106  120
60    74   43   20   49   58   97  100   66   84   76   82   63
70    07   49   20   19   22   61   60   57   53   54   58   23
80   -65  -04   19  -38  -33   11   34   50   07   26   25  -19
90   -63  -19  -65  -70 -100  -37  -04  -20  -19  -24  -51  -07

1989
hPa  JAN  FEB  MAR  APR  MAY  JUN  JUL  AUG  SEP  OCT  NOV  DEC
10  -244 -348 -366 -378 -329 -128  -17   34   35   84  157  212
12  -338 -340 -374 -394 -403 -305  -87   20   19   53  121  249
15  -353 -339 -359 -353 -347 -367 -346  -91  -76   12   73  218
20  -328 -310 -303 -323 -327 -338 -363 -350 -346 -235  -95  127
25  -261 -205 -184 -286 -309 -325 -364 -324 -316 -311 -297 -147
30   -84  -40  -38 -150 -250 -281 -306 -300 -310 -307 -306 -282
35    29   60   59   10 -154 -235 -268 -281 -298 -291 -264 -285
40   118  109  124   97  -20 -172 -231 -238 -239 -250 -239 -248
45   138  126  136   98   72  -41 -132 -145 -197 -224 -219 -244
50   117  102  117  100   92  -03  -36  -58 -119 -152 -166 -184
60   120   84  101   77  119   62   66   31  -13  -37  -88  -83
70    68   37   41   67   77   58   42   36   41   03  -20   03
80    13  -03   15   33   11   18   23   31   73   30  -19   07
90   -59  -85  -02   02  -42   16  -33   59   13   11  -42  -50

1990
hPa  JAN  FEB  MAR  APR  MAY  JUN  JUL  AUG  SEP  OCT  NOV  DEC
10   149  157  182  154   64   48  -02  -75  -30 -133 -252 -284
12   169  180  222  159  114   93   29   19   21  -16 -157 -246
15   173  192  212  181  120  130   82  108  129  103   14 -107
20   131  146  181  166  136  172  118  134  143  139  110   25
25    64   79  177  152  160  185  158  154  134  119  110   90
30   -42  -32  109  124  124  152  131  135  130  109  110  134
35  -247 -149   31   98   98  154  123  138  127  104  134  126
40  -292 -265  -81   49   85  122   94  110  123  116  132  120
45  -279 -273 -242  -49   87  145   99  126  116   98  135  118
50  -214 -210 -221 -142   22  118   86   78   95   70  104   79
60  -102 -118  -73 -136 -105   43   60   67   77   95   95   90
70   -14  -81  -31  -81 -109  -50   12   19   32   60   76   56
80   -15  -71  -34 -102  -87 -101  -49   20   14   11   28   24
90   -44 -100 -116  -43  -92  -90  -34  -13  -13   13   02  -08

1991
hPa  JAN  FEB  MAR  APR  MAY  JUN  JUL  AUG  SEP  OCT  NOV  DEC
10  -283 -302 -315 -312 -305 -318 -347 -332 -292 -169   91  209
12  -257 -282 -277 -265 -272 -275 -361 -294 -298 -294   14   99
15  -159 -157 -193 -240 -260 -300 -310 -293 -278 -288 -235  -40
20    07   44   10 -182 -256 -286 -293 -287 -288 -269 -275 -268
25    83  113  103  -26 -214 -276 -270 -298 -265 -250 -242 -298
30   114  127  105   92  -67 -209 -250 -231 -215 -222 -242 -253
35   104  137  107  132   35 -164 -189 -198 -175 -204 -202 -226
40   100  106   72  101   67  -24 -100 -128 -134 -121 -148 -175
45    55   98   51   62   87   17  -78  -86  -60  -34  -50  -83
50    60  106   50   70   90   35  -21  -30  -16  -08  -12  -20
60    74  120   54   66  113   84   49   24   21   17   44   66
70    26   63   52   57   79   71   52   24   34   38   27   36
80    05   17   41   69   35   79   66  -16  -06   63   08  -35
90   -60  -08  -03   12  -18   14   57  -53  -56   35  -31  -30

1992
hPa  JAN  FEB  MAR  APR  MAY  JUN  JUL  AUG  SEP  OCT  NOV  DEC
10   161  170  173  161  101   42   56  143  167  175  216  169
12   104  132  147  145  114   63   92  165  170  153  189  182
15   -33  -15   03   78  110  115   90  171  176  162  194  184
20  -289 -299 -289 -250  -42   66   79  153  159  160  189  189
25  -278 -283 -282 -288 -290  -29   60  106  119  163  170  196
30  -253 -254 -260 -262 -275 -268  -79   08   75  112  141  176
35  -234 -218 -227 -252 -242 -300 -286 -110  -02   62  110  161
40  -160 -171 -183 -217 -235 -296 -306 -273  -96  -05   74  137
45   -90  -36  -65 -143 -207 -257 -276 -313 -256 -141   17  126
50   -21  -10  -09  -48 -159 -214 -243 -259 -253 -239  -90   44
60    72   94   38   45  -29 -128 -163 -156 -159 -163 -157 -103
70   -05   47  -11   26   12  -32  -76 -100  -90  -96 -112 -105
80   -55   22  -59   19   24  -04  -25  -47  -66  -38  -58  -67
90   -19  -30  -26  -76  -51  -43  -46  -55  -68  -22  -47  -50

1993
hPa  JAN  FEB  MAR  APR  MAY  JUN  JUL  AUG  SEP  OCT  NOV  DEC
10   145  138   68 -126 -268 -295 -308 -320 -340 -331 -329 -268
12   167  176  168  -13 -231 -303 -302 -320 -350 -336 -362 -357
15   171  214  201  124 -158 -291 -316 -316 -326 -340 -344 -327
20   178  208  190  121  -52 -226 -258 -280 -316 -301 -311 -300
25   177  190  192   80   57  -44 -187 -176 -195 -253 -260 -297
30   155  164  170  112  108   48  -10  -08  -44 -111 -205 -240
35   146  147  152  148  133  118   96   97   41   01  -78 -121
40   134  148  133  135  120  126  107   92   98   81   03  -06
45   156  153  120  107  134  107   95   99  103   97   96   63
50    74   86   78   91  118  100   86   83  103   89  103   83
60    26   32   20   83  100  109   74   98   70   73  103   92
70   -24  -23   21   55   88   95   57   43   32   71   92   67
80   -05  -34  -11   10   38   54   64   25   25   49   38   32
90   -45  -64  -23  -29   08   46   12   30   29  -14  -14   03

1994
hPa  JAN  FEB  MAR  APR  MAY  JUN  JUL  AUG  SEP  OCT  NOV  DEC
10  -348 -349 -351 -376 -218   57   85  115  137  157  184  185
12  -385 -338 -339 -362 -351  -56   51  111  138  151  185  196
15  -315 -313 -334 -352 -364 -262  -38   72  144  143  178  199
20  -315 -315 -319 -332 -336 -349 -293  -48   86  117  160  190
25  -332 -301 -316 -315 -326 -341 -349 -263  -57   87  143  181
30  -251 -265 -291 -298 -318 -328 -338 -336 -271  -09  109  167
35  -174 -165 -190 -257 -295 -310 -326 -333 -316 -128   56  124
40   -30  -21  -76 -166 -256 -282 -303 -314 -310 -236  -32   51
45    43   27   12  -62 -181 -246 -274 -293 -296 -287 -148  -03
50    84   66   74   34  -97 -211 -248 -269 -278 -280 -243  -64
60   110   79  108   86   35 -105 -168 -185 -197 -170 -173 -141
70    51   47   92   83   86  -14  -72  -95 -120  -96 -110  -70
80    03  -08   39   39   56   07  -33  -57  -66  -95  -95  -69
90   -35  -10  -11   01  -07  -08  -51  -95  -59 -113 -119  -90

1995
hPa  JAN  FEB  MAR  APR  MAY  JUN  JUL  AUG  SEP  OCT  NOV  DEC
10   196  102   64  -35 -238 -285 -322 -359 -335 -308 -278 -181
12   197   92   54   49 -138 -244 -292 -313 -289 -277 -241 -227
15   183   79   63  107   36 -127 -195 -211 -209 -216 -195 -208
20   174  112  111  152  148  102   16  -28  -66 -134 -191 -232
25   186  117  114  147  163  156  106   57  -10 -111 -183 -226
30   178  115   86  110  155  151  125   72   34  -32 -131 -169
35   163   91   59   75  130  135  114   78   59   24  -29  -54
40   134   71   49   61  113  130  109   85   69   58   46   38
45    92   50   52   59  111  130  103   91   88   88   80   81
50    26   25   48   58  112  120  106   99  102  102   97   98
60   -26  -01  -03   26   90   78  115  100   92   90   75   80
70   -15  -06  -40  -25   41   35   86   87   65   68   47   58
80   -28  -14  -40  -40  -13  -20   46   72   46   43   35   32
90   -40  -36  -35  -27  -47  -86  -02   28   16   19  -17   02

1996
hPa  JAN  FEB  MAR  APR  MAY  JUN  JUL  AUG  SEP  OCT  NOV  DEC
10  -277 -307 -322 -311 -307  -16  -16   41   96  160  228  186
12  -273 -301 -296 -311 -345 -198 -132  -07   96  136  219  202
15  -267 -279 -286 -331 -369 -360 -318 -193   23  102  199  208
20  -261 -283 -321 -328 -333 -345 -353 -359 -259  -42   41  179
25  -257 -291 -293 -304 -315 -336 -338 -350 -351 -291  -47   82
30  -183 -202 -239 -277 -307 -330 -325 -346 -355 -349 -284  -56
35   -63  -69 -112 -202 -284 -317 -315 -335 -334 -326 -320 -234
40    25   33   01  -85 -219 -281 -286 -303 -305 -299 -294 -295
45    71   73   63   27 -118 -219 -247 -261 -263 -264 -252 -250
50    86   87   83   89  -10 -140 -190 -199 -207 -223 -203 -199
60    72   83   81   98   88   17  -47  -75  -83 -117 -112  -96
70    58   65   44   62   71   63   19  -24  -23  -32  -72  -31
80    37   39   00   27   17   44   11  -25  -39  -18  -78  -34
90    04   29  -43   03  -20   02  -61  -59 -103  -62  -82  -82

1997
hPa  JAN  FEB  MAR  APR  MAY  JUN  JUL  AUG  SEP  OCT  NOV  DEC
10   187  198  205  206  175  131   18  -49 -149 -242 -245 -229
12   189  186  192  199  174  144   66   24  -12 -156 -200 -165
15   176  170  186  194  169  164   92   73   78  -20 -101 -132
20   154  152  171  180  170  173  125  117  114   32 -104 -200
25   101  118  133  171  161  174  149  127   93   19  -94 -153
30    22  100  106  151  151  167  141  114   97   75   15  -49
35  -105   25   56  122  137  142  123  115   96  105   92   84
40  -239 -133  -39   95  120  133  126  133  112  122  124  114
45  -235 -225 -155   43   78  133  136  134  114  118  130  118
50  -185 -183 -192  -36   35  118  137  137  122   99  122   68
60   -87  -63 -119  -95  -32   55  119  105  107   55   60   48
70   -59  -05  -87  -54  -76  -24   90   90   95   73   63   33
80   -62   04  -54  -54 -106  -64   51   63   69   64   49  -14
90   -63  -54  -39  -53 -100  -81  -01   23   51   58   27  -34
100  -77 -164  -24  -51  -87 -102  -48  -40   13   15   17   15

1998
hPa  JAN  FEB  MAR  APR  MAY  JUN  JUL  AUG  SEP  OCT  NOV  DEC
10  -176 -193 -247 -299 -292  -22   47  147  130  161  228  193
12  -154 -217 -274 -294 -318 -219  -12  109  124  142  209  207
15  -192 -250 -270 -306 -334 -342 -195   30  106  125  204  214
20  -235 -267 -310 -303 -303 -316 -324 -224  -11   92  162  209
25  -215 -238 -263 -289 -294 -307 -307 -317 -259  -90   78  162
30   -50  -57 -127 -253 -280 -297 -308 -321 -311 -292  -68   70
35    89   89   50 -161 -268 -286 -299 -303 -309 -337 -293  -53
40   138  128  106  -34 -226 -262 -278 -290 -314 -325 -327 -226
45   104  115  102   65 -172 -229 -259 -277 -292 -276 -282 -281
50    80  103   82  103  -60 -172 -214 -230 -237 -231 -238 -239
60    28   68   64  117   99  -16  -64  -86 -126 -130 -158 -119
70    20   39   29   96   68   30   08  -12  -35  -30  -87  -71
80   -34   00  -17   52   18  -41  -03   02   04  -16  -35  -38
90   -22   10  -19   34  -55 -104  -82  -17  -16  -44  -29  -96
100  -03   44   10   46  -66 -153 -132  -95  -82 -113 -134 -211

1999
hPa  JAN  FEB  MAR  APR  MAY  JUN  JUL  AUG  SEP  OCT  NOV  DEC
 10  126  128   66  108   08 -194 -201 -221 -230 -259 -254 -255
 12  124  181  107  154   52  -48 -140 -126 -132 -216 -239 -279
 15  137  219  116  162  100   52  -05  -03  -23 -144 -204 -237
 20  153  199  105  172  129  121   70   65   58  -22  -95 -186
 25  130  169   90  153  126  135   92   99   92   77  -04  -54
 30   99  131   98  140  126  137  111  110  101   91   47   61
 35   21   92   99  118  115  131  106  103   83  101   89  113
 40  -69   46   70  104   99  121   83   97   95  119  111  125
 45 -144  -36   28   83   67  101   77   96  100  122  114  120
 50 -237 -167   03   50   52  101   85  100  100  125  110  122
 60 -120 -137  -79  -01   47   71   62   64   70   84   67   95
 70  -65  -78  -57  -39   13   44   50   32   35   40   42   32
 80  -55  -53  -78  -61  -30   20   37   19   35   51   30  -08
 90 -161  -37 -158 -101 -117  -66  -13   06   33   42  -18  -49
100 -260  -05 -205 -154 -151 -143 -121  -80  -31  -72  -35 -165

2000
hPa  JAN  FEB  MAR  APR  MAY  JUN  JUL  AUG  SEP  OCT  NOV  DEC
 10 -298 -307 -314 -343 -372 -358 -218 -238 -308 -280  -43   43
 12 -271 -305 -319 -362 -365 -378 -383 -392 -401 -393 -245  -96
 15 -270 -301 -337 -348 -361 -384 -374 -386 -387 -369 -381 -358
 20 -232 -223 -227 -304 -333 -343 -363 -353 -357 -369 -357 -328
 25  -47  -32   13  -95 -257 -304 -323 -334 -345 -339 -311 -282
 30   74   95  113   61  -71 -227 -282 -294 -288 -275 -253 -259
 35  117  124  130  117   63  -79 -136 -164 -158 -173 -194 -202
 40  127  129  137  128  111   57   19   02  -01  -61  -78  -86
 45  128  131  147  130  127  118   88   88   94   21   07  -07
 50  123  124  134  127  140  143  127  124  112   70   52   40
 60   93  106   96  106  119  132  116   97  105   81   54   46
 70   62   48   46   60   92  106   92   88   76   62   35  -06
 80   22   07   18   10   35   82   55   67   48   46  -36  -30
 90  -08  -23  -23  -28  -16   22   04   44   34   26  -86  -83
100  -41 -118  -77 -103  -73  -71  -72  -70  -36  -67  -92 -152

2001
hPa  JAN  FEB  MAR  APR  MAY  JUN  JUL  AUG  SEP  OCT  NOV  DEC
 10   28  -69  -15   62  109   41   14   50   87  129  147  156
 12  -75 -221 -179  -46   63   61   62   80   91  130  156  192
 15 -327 -361 -358 -282  -46   21   89   77   97  132  162  224
 20 -321 -311 -322 -344 -352 -255  -35   39   74  106  153  211
 25 -298 -304 -309 -317 -328 -363 -344 -173  -48   52  120  206
 30 -284 -272 -269 -309 -318 -331 -349 -354 -307 -136   21  140
 35 -200 -185 -164 -225 -281 -298 -318 -319 -322 -304 -133   01
 40  -65  -63  -50  -91 -198 -237 -268 -278 -284 -286 -287 -176
 45   09   21   29   15  -91 -177 -215 -230 -255 -254 -274 -246
 50   59   51   56   52  -05  -80 -158 -184 -202 -199 -205 -205
 60   52   34   39   54   44  -01  -50  -97  -87  -87  -93 -123
 70   07   22  -30   17   42   55  -04  -54  -31  -50  -39  -62
 80  -49   15  -59  -35  -03   46   03  -33  -32  -59  -11  -38
 90  -95  -35  -54  -77  -35  -11  -55  -23  -91  -77  -49  -07
100 -184 -164  -67  -72  -81 -118 -139  -87 -169 -118 -190  -12

2002
hPa  JAN  FEB  MAR  APR  MAY  JUN  JUL  AUG  SEP  OCT  NOV  DEC
 10  158  176  224  101 -100 -244 -257 -247 -222 -249 -262 -257
 12  190  200  226  121   45 -130 -148 -118 -104 -167 -230 -215
 15  210  199  229  147  103   02  -12  -21   07  -93 -175 -151
 20  199  202  213  167  151   52   73   73   66  -13 -118 -198
 25  166  180  184  137  146   68  101   83   72  -26 -123 -191
 30  118  148  158  129  133   92  103   83   65   41  -42  -41
 35   37  116  147  133  120   95   77   81   70   72   52   40
 40  -14   67  135  130  107   90   78   88   91  104   66   64
 45 -129   01   90   99  102  104   76   94   91   97   71   63
 50 -185 -100   43   99  115   92   85   87   80   92   68   67
 60 -100 -109  -53   62   96   64   61   49   77   82   65   66
 70  -47  -62  -87   09   35   33   10   42   58   88   52   30
 80 -105  -23  -85  -83  -07   22  -44   22   37   80   17  -38
 90 -135   05  -86  -69  -13  -21 -120  -12   28   13  -11  -65
100 -139  -49  -61  -46  -35  -49 -189  -82  -14  -31  -66  -41

2003
hPa  JAN  FEB  MAR  APR  MAY  JUN  JUL  AUG  SEP  OCT  NOV  DEC
 10 -201 -223 -287 -334 -263   04  139  145  129  142  182  246
 12 -184 -260 -308 -358 -364 -140  103  138  119  121  168  242
 15 -203 -288 -335 -339 -332 -315  -75   53   87   92  158  242
 20 -262 -280 -290 -295 -301 -308 -329 -237  -95  -15   69  165
 25 -182 -172 -209 -264 -285 -294 -318 -341 -337 -326 -161   47
 30  -14  -02  -73 -194 -269 -288 -313 -318 -313 -312 -321 -165
 35   62   76   44  -69 -202 -249 -275 -288 -281 -286 -291 -292
 40   77   89   76   35  -95 -175 -215 -232 -241 -248 -239 -245
 45   73   82   63   55   06  -49 -120 -177 -180 -194 -204 -214
 50   58   63   47   59   47   14  -29  -85 -102 -133 -164 -180
 60   40   61   63   65   78   62   27   07   04  -19  -65 -103
 70   31   42   47   19   59   55   40   31   27   34   04  -09
 80   09   00   32  -29  -22   28   42   11   40   46  -03   04
 90  -05  -07   26  -41  -65  -41   05  -41   37   21  -74  -14
100  -04  -13  -05  -56 -107  -83  -71  -91   20  -30 -103  -61

2004
hPa  JAN  FEB  MAR  APR  MAY  JUN  JUL  AUG  SEP  OCT  NOV  DEC
 10  180  132  171  132   93   51   22   00  -80 -132 -144 -170
 12  222  161  174  131  108   82   72   27  -60 -139 -141 -222
 15  225  143  170  147  132  107   94   31  -60 -137 -202 -246
 20  209  153  163  155  145  110   69   18  -52  -98 -198 -247
 25  121  121  140  142  124  103   83   54   38   23  -84 -169
 30  -16   78  112  126  120   95   90   98   88   73   48   14
 35 -210   13   67  136  121  113   91  107   87   97   87  100
 40 -244 -111  -11  122  112  112  100  114   82  101  101  104
 45 -236 -233 -128   73   89  109  108  113   74  103   85   76
 50 -204 -192 -177   11   89  112  108   74   70   92   56   67
 60 -103 -108 -107  -79   29   72   79   61   41   67   56   62
 70  -62  -36  -58  -77  -26   43   39   34   34   65   37   62
 80  -55  -21  -51  -95  -53  -06   01  -01   44   41   23   33
 90  -46  -03  -96  -94  -59  -21  -60  -31   06  -05  -20   10
100  -29  -13 -139  -41  -94  -73 -117  -71  -65  -67  -57  -31

2005
hPa  JAN  FEB  MAR  APR  MAY  JUN  JUL  AUG  SEP  OCT  NOV  DEC
 10 -261 -313 -347 -351 -374 -380 -232 -201   01  121  177  188
 12 -283 -301 -340 -349 -354 -384 -381 -368 -206   72  169  204
 15 -283 -308 -340 -341 -343 -356 -353 -362 -334  -76  106  195
 20 -283 -297 -297 -329 -330 -331 -339 -324 -334 -320 -136   34
 25 -194 -163 -189 -278 -300 -298 -313 -320 -321 -326 -353 -240
 30  -18   18  -09 -178 -266 -286 -309 -316 -318 -320 -333 -324
 35   95   93  115  -24 -200 -265 -297 -306 -306 -293 -289 -278
 40   95  119  151   58  -81 -201 -251 -275 -266 -256 -243 -253
 45   81  111  144   79   31  -92 -174 -202 -204 -208 -214 -230
 50   55   98  146   85   82  -12  -71 -120 -144 -173 -173 -198
 60   42   72  124   71   91   36   18  -12  -30  -60  -77  -70
 70   04   24   78   29   73   50   44   45   00  -03  -16   08
 80  -29  -03   15   12  -03   52   40   46   05  -16  -12   19
 90  -13   10  -48  -01  -86  -24  -12   45  -15  -13  -25  -02
100  -25   23  -87  -04  -91 -119 -132  -30  -34 -103 -113  -97

2006
hPa  JAN  FEB  MAR  APR  MAY  JUN  JUL  AUG  SEP  OCT  NOV  DEC
 10  171  127  116   06   69   19  -21  -28  -54 -137 -228 -200
 12  175  122  135   39  106   65   70   04   33  -51 -149 -179
 15  165  152  166   94  132  132  114   62   73  -07 -139 -206
 20   94  164  176  126  141  173  131   65   76   14 -123 -210
 25  -36   89  145  114  111  146  121   64   80   54   63  -35
 30 -288  -93   83   85  106  123  126   71  109   93   89   73
 35 -303 -280  -51   49   86  114  111   89  123  109   88   98
 40 -271 -261 -240  -48   89  110  117   99  133  110   89  118
 45 -214 -196 -210 -178   35  113  106   86  117   97   93  133
 50 -152 -138 -154 -201  -71   79  107   86  109   92  104  124
 60  -40  -78  -94 -102 -152  -61   60   69   89   83   76   92
 70  -14  -63  -31  -72 -125 -110  -24   08   68   76   62   81
 80  -47  -74  -03  -45  -74  -81  -58  -09   39   60   43   40
 90 -112  -86  -56  -57  -54  -99 -114  -08  -22   24  -19  -12
100 -193  -87 -113  -76  -36 -101 -142  -71  -63   00  -56 -117

2007
hPa  JAN  FEB  MAR  APR  MAY  JUN  JUL  AUG  SEP  OCT  NOV  DEC
 10 -226 -318 -326 -338 -368 -208  -15   50  107  111  180  213
 12 -253 -313 -318 -336 -353 -371 -142  -15   60  109  172  226
 15 -266 -296 -317 -321 -320 -330 -329 -245  -70   42  115  192
 20 -231 -226 -250 -278 -304 -318 -324 -333 -343 -319   02  125
 25  -89  -69 -115 -233 -285 -292 -324 -332 -339 -331 -296  -28
 30   54   53   14 -147 -253 -297 -313 -316 -321 -316 -320 -265
 35   82   90   80   22 -184 -262 -293 -288 -298 -289 -290 -306
 40   97  107  111   90  -71 -204 -242 -260 -265 -263 -262 -278
 45  107  111  109  120   49 -126 -171 -212 -221 -218 -230 -249
 50   96  111  103  128   92  -39 -100 -151 -162 -175 -204 -200
 60   55   91   78  114  109   56  -13  -40  -33  -51  -98 -100
 70   41   34   55   91   99   79   21  -08   12   28   04  -30
 80   33  -09   37   26   69   51   16   13   21   16   22  -33
 90   35  -17   17  -17   35  -10  -11  -39  -20  -80   15 -115
100   08  -20  -10  -29   00  -60  -61 -106 -117 -204  -61 -210

2008
hPa  JAN  FEB  MAR  APR  MAY  JUN  JUL  AUG  SEP  OCT  NOV  DEC
 10  176  172  169  114   75   46  -34 -174 -242 -275 -262 -267
 12  175  181  181  126   90   67   22  -57 -122 -185 -227 -278
 15  171  170  181  145  102  123   92   41   34 -105 -189 -245
 20  118  139  190  169  127  168  142  116  127   54  -52  -82
 25   25  125  148  159  121  168  128  129  124   91   43   69
 30 -126   38  112  124  124  157  135  118  105   93   75  111
 35 -302 -130   29   68   99  133  113  112  100   99  100  127
 40 -280 -279 -132   20   84  112  116  101  102  113  111  129
 45 -248 -243 -239  -85   50   95  106   81   81  109  100  117
 50 -190 -187 -208 -199  -10   53  116   79   65   83   72   90
 60  -93  -69  -85 -130 -135  -36   98   46   17   20  -28   30
 70  -65  -05  -21  -49 -114  -47   47   35   16   40   23  -14
 80  -56  -52  -14  -55 -107  -89  -07   09   31   73   18  -43
 90  -68 -204  -40 -107 -108 -128  -56  -24   50   62  -44  -57
100  -81 -320  -97 -102  -98 -148  -97  -97   25  -23 -118 -153

2009
hPa  JAN  FEB  MAR  APR  MAY  JUN  JUL  AUG  SEP  OCT  NOV  DEC
 10 -320 -380 -337 -340 -342 -318 -182 -110 -218 -172  -47 -104
 12 -304 -328 -321 -322 -331 -355 -375 -284 -356 -371 -187 -207
 15 -251 -248 -260 -300 -330 -345 -371 -366 -369 -391 -373 -375
 20  -49   14  -50 -198 -273 -311 -328 -335 -347 -353 -328 -335
 25   77  116   90   26 -154 -259 -302 -307 -304 -308 -300 -295
 30  119  155  118  103   32 -134 -227 -218 -220 -199 -252 -259
 35  138  165  118  121  111   80  -66  -69  -59  -61 -149 -169
 40  138  164  116  134  143   76   27   21   48   28  -45  -53
 45  131  151  111  132  142   96   85   77   85   80   51   43
 50  118  149   98  134  145  100   98   82  112  105   83  104
 60   52   78   61  103  128  107  101   65  101   96   91  112
 70  -10   44   36   67   91   95   82   58   69   94   66   64
 80  -96   24   03   08   22   41   52   34   38   69   46   10
 90  -78  -43  -03  -29  -38  -15   30  -61   08   17   21  -42
100  -87 -117  -30  -56  -65  -73  -31 -164 -104  -66  -23  -52

2010
hPa  JAN  FEB  MAR  APR  MAY  JUN  JUL  AUG  SEP  OCT  NOV  DEC
 10 -171 -282 -259 -230   52  128  140  150  149  163  144   59
 12 -280 -392 -370 -348  -31  123  136  157  148  155  161    8
 15 -362 -347 -332 -342 -236   59  140  150  153  140  147   39
 20 -330 -309 -317 -326 -347 -104   92  111  134  111  116   30
 25 -290 -300 -301 -297 -295 -209   56  112  121  112  119   83
 30 -265 -272 -269 -272 -263 -285  -59  117  134  116  118   83
 35 -212 -189 -237 -254 -252 -289 -159   78  133  113  111   87
 40  -98 -103 -185 -251 -253 -278 -276    0  120  102  107   89
 45  -21  -24  -90 -236 -252 -270 -289  -72  102   90   94   86
 50   58   51   -8 -159 -234 -235 -278 -178   38   77   72   76
 60  101   96   64    0 -158 -180 -209 -259 -164   16   57   66
 70   82   61   49   56  -56 -137 -163 -163 -185  -37   41   44
 80   60   -9   19   45    7 -134 -143  -98 -141  -78  -16   23
 90   48  -55  -23   41   -9 -136 -160 -100 -150 -119  -84    2
100    3  -53  -27   24  -49 -136 -159 -144 -169 -125 -125  -87

2011
hPa  JAN  FEB  MAR  APR  MAY  JUN  JUL  AUG  SEP  OCT  NOV  DEC
 10 -109 -141 -262 -309 -306 -292 -244 -310 -310 -291 -177  -54
 12  -54 -125 -229 -270 -314 -354 -369 -382 -376 -379 -351 -226
 15  -44  -13  -69 -208 -286 -325 -336 -370 -375 -358 -346 -320
 20   30   75   71   27 -121 -256 -302 -292 -312 -307 -316 -315
 25   70   90  102   85   29  -98 -147 -146 -190 -231 -279 -295
 30   97   97  101   92   96   70    9   25  -32  -75 -189 -239
 35   83   98  104   99  113  121   91  106   71   75  -42 -141
 40   80   74   87   85  106  127  116  102  130  114   70  -27
 45   71   47   60   62   99  132  105  120  136  112   99   33
 50   45   52   58   53   97  127   99  126  118  107  101   59
 60   27   53   46   30   73  104   92   92  117  118  102   66
 70    6   62   48    7   56   33   76   67  109  108  100   54
 80   -1   44   35  -25  -15   12   64   18   84   95   50   30
 90  -31   14   20   -5  -59   -7   17   -3   38   26   -5  -23
100  -95  -73  -38  -26  -84  -39  -53  -98  -72  -15  -39  -67

2012
hPa  JAN  FEB  MAR  APR  MAY  JUN  JUL  AUG  SEP  OCT  NOV  DEC
 10 -261 -275 -333 -220   18   80   74  101  119  133  162  218
 12 -357 -374 -364 -324  -80   71   74   96  119  120  156  219
 15 -356 -348 -330 -333 -287  -44   27   83   88  102  133  202
 20 -320 -302 -313 -323 -340 -327 -194  -75   -5   10   86  176
 25 -288 -283 -282 -293 -315 -322 -323 -326 -292 -282 -106   73
 30 -238 -213 -217 -257 -306 -325 -326 -347 -331 -336 -335 -161
 35 -101 -105 -132 -174 -261 -301 -313 -312 -312 -312 -302 -278
 40  -19  -34  -26  -31 -168 -229 -258 -271 -276 -265 -263 -272
 45   23   22   33   42  -42 -123 -184 -196 -201 -200 -214 -226
 50   44   64   65   69   48  -11  -82  -93 -107 -121 -128 -172
 60   57   54   33   59   83   52   13    3   -6   -3  -16  -19
 70    7   -1   10   -7   16   54   12   22   29   37   11   26
 80  -20  -24  -11  -92  -30   -8   -2    7   16   -3   -8  -21
 90  -66  -61 -102 -106  -83  -97    0  -42   18  -46  -24  -70
100 -134  -89 -138  -73 -102 -162  -79 -123  -52 -108 -101 -121

2013
hPa  JAN  FEB  MAR  APR  MAY  JUN  JUL  AUG  SEP  OCT  NOV  DEC
 10  145  142  185  148  117  117   77   67   69   40 -154 -257
 12  176  161  194  148  110  130   99   97  109   85  -31 -191
 15  173  169  194  158  132  151  121  122  148  116   77  -51
 20  155  154  169  165  162  185  144  164  169  124  105   81
 25  122  138  130  133  148  167  152  149  148  104  107   95
 30  -47   18   89  102  109  157  147  122  139  119  118  117
 35 -254 -143   -7   88   73  114  134  119  116  125  124  122
 40 -303 -249 -177   29   38   85  114  109  106  118  114   99
 45 -231 -209 -213  -82  -33   83   88   89   97  120   93   92
 50 -135 -143 -183 -208 -113   47   88   93   87  110   90   94
 60  -33  -49  -69 -110 -126  -46   56   47   69   78   79   77
 70   -2   -1  -60  -54 -128 -113  -18   11   60   66   82   74
 80   -1    3  -75  -53 -139  -94  -36  -33   37   63   42   36
 90  -13  -27  -43  -32 -115 -128  -90  -70  -19  -17  -21  -15
100  -79  -97   -1  -10  -94 -163 -194 -123 -117  -85  -96 -134

2014
hPa  JAN  FEB  MAR  APR  MAY  JUN  JUL  AUG  SEP  OCT  NOV  DEC
 10 -251 -258 -280 -286 -285 -313 -334 -330 -320 -295   51  173
 12 -199 -226 -245 -266 -287 -288 -310 -326 -319 -304 -136   91
 15  -75 -111 -167 -271 -288 -293 -304 -318 -319 -321 -329 -158
 20   85   61    4 -169 -259 -281 -307 -307 -324 -358 -350 -362
 25  130  118  100  -19 -225 -258 -300 -324 -342 -347 -350 -329
 30  148  126  113   88 -131 -258 -307 -295 -317 -323 -312 -287
 35  137  124  112  126    0 -176 -238 -249 -258 -266 -268 -273
 40  127  127  105  144   94   -4 -126 -127 -131 -181 -223 -247
 45  122  121  104  158  131   75   -4   -1  -20  -63 -137 -190
 50  112  114   92  147  141  101   51   72   53   31  -20 -106
 60   76   60   40  143  127  110  109  112   91   82   78   13
 70   62   49   25   82   97  110  110   84  109   62   84   33
 80   44   34   33   33   35   44   70   57   84   28   48  -15
 90   22    2    8    4  -50  -29   -9  -22   43   -4  -17  -45
100  -36  -33   -7   -9  -93 -120  -90 -116  -39  -58  -98  -83

2015
hPa  JAN  FEB  MAR  APR  MAY  JUN  JUL  AUG  SEP  OCT  NOV  DEC
 10  138  167  106  123   96  115   91  136  179  127  -55 -222
 12   83  149  125  124  110  129  116  162  195  133   59 -124
 15  -92   58   82   87  110  125  159  165  207  121  114   26
 20 -355 -320 -151    3   97  127  170  163  189  133  129   96
 25 -317 -300 -301 -231    8   98  145  156  171  127  142  109
 30 -278 -295 -314 -311 -140   75  129  135  162  132  138   89
 35 -276 -284 -291 -291 -249   11   84  132  157  128  124   59
 40 -238 -248 -251 -258 -285 -121   35  112  151  118  112   33
 45 -191 -192 -198 -214 -251 -208  -23   93  130  105  103   28
 50 -110 -108 -141 -182 -217 -230 -116   46  108  102   99   55
 60   -9  -15  -32  -99 -152 -194 -131  -51   75   91  108  112
 70   -7    5   -9  -29 -123 -127 -158 -134  -20   70   96   93
 80  -21  -23  -22  -36 -100  -78 -144  -81  -38   16   49   36
 90  -18  -43  -45  -52  -87  -64 -156  -54  -44  -66   17   17
100  -24  -16  -54  -68  -83  -94 -157  -95  -83  -89  -52   10

2016
hPa  JAN  FEB  MAR  APR  MAY  JUN  JUL  AUG  SEP  OCT  NOV  DEC
 10 -231 -205 -148  -11   45   24   16   25   17   35   31   32
 12 -145 -109    7   62   65   43   32   50   39   70  115  100
 15  -15   49   90  113   88   57   61   89   95  101  137  146
 20   91  135  123  115   92   76   90  123  125  141  150  169
 25  108  120  112   94  104   91   96  141  143  153  170  162
 30  100   95   21  -14   53   70  105  157  152  142  157  176
 35   31   16  -99 -152  -47   23   88  139  141  123  150  159
 40  -17  -66 -155 -226 -204 -100   20  103  129  116  136  155
 45   -6  -13  -10 -148 -261 -220  -69   28   87   99  114  144
 50   51   48   57  -54 -183 -234 -162  -34   31   77   89  113
 60  100   87   77   38  -40 -138 -183 -179  -96   -6   29   50
 70   27   54   50    2   24  -73  -90 -117 -112  -71  -21    5
 80  -30   14    7  -26  -18  -44  -64 -102 -116 -110  -54   -5
 90  -51  -26  -14  -13  -83  -61  -98 -153 -114 -149 -124  -49
100  -18  -62  -11   12 -115 -114 -136 -222 -192 -226 -176 -117

2017
hPa  JAN  FEB  MAR  APR  MAY  JUN  JUL  AUG  SEP  OCT  NOV  DEC
 10    2   10 -162 -270 -286 -304 -331 -337 -339 -327 -203   18
 12   76   75  -40 -229 -280 -294 -329 -338 -352 -329 -328 -175
 15  112  123   73 -142 -268 -300 -309 -338 -347 -354 -352 -379
 20  142  159  131   52 -207 -287 -310 -329 -347 -375 -356 -329
 25  161  169  145  117  -85 -254 -294 -318 -338 -334 -314 -306
 30  171  177  153  136   58 -145 -256 -256 -247 -258 -271 -281
 35  169  185  155  141  116   38  -81  -97  -96 -153 -200 -217
 40  165  170  158  146  136  110   57   28   27  -34  -75  -92
 45  155  166  141  134  149  126   99   87   87   52   15   -3
 50  132  145  107  118  148  134  111  108  100   92   80   62
 60   77   94   28   66  114  136  123   95   87  112  100   84
 70   15   36   10   50   73  126  127   76   78   91   82   49
 80  -22   21   11   30   39   94   88   35   62   48   39   11
 90  -55  -21   -1  -13    3   25   72  -26  -25    8  -90  -35
100 -150  -80  -38  -49  -53  -26  -10  -82  -92  -68 -144  -82

2018
hPa  JAN  FEB  MAR  APR  MAY  JUN  JUL  AUG  SEP  OCT  NOV  DEC
 10  -64 -248 -216  -87   29   95   90  119  160  173  231  202
 12 -213 -361 -387 -273  -48   74   72  134  156  166  216  215
 15 -386 -352 -378 -373 -301    4   68  137  149  154  202  220
 20 -338 -327 -342 -347 -349 -311  -81   64  131  135  182  204
 25 -309 -316 -321 -318 -324 -350 -348 -109   47  117  156  178
 30 -292 -278 -287 -314 -315 -329 -330 -310 -109   44  118  146
 35 -238 -214 -212 -274 -289 -303 -319 -333 -325 -104   57  104
 40 -103  -84  -88 -178 -248 -295 -313 -318 -317 -266  -71   45
 45   -1   17   19  -63 -184 -247 -277 -277 -277 -287 -215  -81
 50   64   86   73   23  -88 -178 -232 -229 -240 -252 -260 -189
 60   94   76   69   63   28  -32 -102 -140 -153 -144 -139  -80
 70   53   12   31   62   50    9  -40  -54  -90  -82  -82  -41
 80   42  -21   16   12    0   -1  -12  -36  -51  -50  -77  -77
 90  -23  -28   11  -79  -47  -54  -51  -68  -32  -68 -108  -77
100 -200  -34  -26 -110  -69 -133 -109 -124  -62  -99  -85  -97

2019
hPa  JAN  FEB  MAR  APR  MAY  JUN  JUL  AUG  SEP  OCT  NOV  DEC
 10  131  111  125   29 -194 -290 -309 -336 -322 -305 -289 -291
 12  157  104  143   82  -98 -261 -281 -293 -240 -263 -254 -276
 15  159   87  137  104   32 -161 -159 -170 -103 -203 -251 -265
 20  157   73  142  136  142   90   35   11   13 -102 -192 -250
 25  160   90  169  153  166  123  120   80   85   30  -34  -94
 30  144  124  165  136  148  125  114  105   95   71   73   48
 35  111   98  141  129  127  116  117  107  100   79   72   62
 40   70   71  113  124  129  103  111   97   78   52   34    5
 45   -6   44   98  104  114   91  107   77   56   30   -4  -12
 50 -115   16   79   85  108   89   87   83   38   23   28   45
 60 -106  -86    8   35   96   92   83   65   23   60   68   72
 70  -37  -75  -17  -36   43   62   74   62   19   49   65   66
 80  -30  -59   -1  -98  -41   33   21   44   12   31   11   48
 90  -37  -46  -20 -101 -106  -58  -34  -28    3   19  -54   11
100  -52  -36  -28  -90  -97 -140  -94 -148  -68   -8  -14   -9

2020
hPa  JAN  FEB  MAR  APR  MAY  JUN  JUL  AUG  SEP  OCT  NOV  DEC
 10 -307 -328 -345 -318   29   54    9  -35 -113 -198 -242 -264
 12 -291 -339 -346 -362 -178   23   17  -81 -132 -139 -226 -237
 15 -301 -323 -328 -289 -166  -82  -93  -68  -11   16  -81 -169
 20 -262 -220 -158  -74  -36   -3   11   43   87  108   60   22
 25  -79  -36   -2  -12   15   46   55   89  110  110  117   90
 30   37   21    0  -28  -17   57   88  104  120  135  144  104
 35   23  -25  -94 -155 -158  -26   49  107  127  127  140  108
 40  -63 -120 -181 -222 -263 -177  -24   87  120  128  129  108
 45  -46  -72 -139 -199 -237 -262 -113   31   91  116  111  111
 50   22  -17  -53 -158 -189 -226 -169  -21   63  123  106  108
 60   66   29   50   -5  -75 -142 -149 -141  -21   94  100   75
 70   41   23   51   17  -55  -93 -155 -144  -83   40   74   49
 80    1    9   10   -6  -63  -86 -156 -115  -90   -9   -1   36
 90  -50  -33  -37   -6  -81 -100 -141 -141 -148 -126  -67    1
100  -70  -70  -54   10 -104 -103 -131 -143 -186 -260 -127 -120

2021
hPa  JAN  FEB  MAR  APR  MAY  JUN  JUL  AUG  SEP  OCT  NOV  DEC
 10 -303 -298 -306 -312 -338 -244  -30  -51  -34   -5  111
 12 -263 -260 -291 -292 -322 -351 -208 -158 -181  -79    0
 15 -155 -170 -219 -278 -300 -318 -355 -316 -362 -327 -222
 20   11    9  -23 -179 -261 -286 -316 -330 -359 -368 -351
 25   71   81   76  -40 -167 -258 -297 -319 -332 -339 -320
 30   72   65   79   64  -37 -167 -238 -233 -268 -283 -279
 35   47   69   85  105   55   -6  -94  -84 -132 -188 -227
 40   47   73   93  119   87   69   38   15   -9  -44 -130
 45   41   71   91  122  107  101   81   77   56   47  -31
 50   53   82   82  128  127  115   99   99   97  103   39
 60   35   54   74   86   94   96   84   99   90  104   65
 70   24   34   38   65   49   70   61   73   66  111   62
 80   19  -19   -4   -4  -10   22   52   46   44   84   34
 90  -16  -48  -22  -40  -52   -4   16  -31   29   42    9
100 -171  -80  -25  -75  -73  -54  -60  -91  -40  -47 -118
