monthly mean of baseline data from 1996/08 to 2019/11; created: 16-Jul-2023
comment: MD measurements. Output from GCWerks. See Prinn et al. (2000).
data_owner_email: rfweiss@ucsd.edu, jmuhle@ucsd.edu
data_owner: Ray F. Weiss, Jens Muhle
station_long_name: Cape Matatula, American Samoa
inlet_base_elevation_masl: 42.00
inlet_latitude: -14.2474
inlet_longitude: -170.5644
inlet_comment: Bluesky tower. Not sure about the previous tower
data_dir: /agage/samoa
species: ch3ccl3
calibration_scale: SIO-05
units: ppt
file_created: 2023-04-22 21:28:47
 
CREDIT FOR USE: This is a formal notification for data users. 
For scientific purposes access to these data is unlimited and 
provided without charge. By their use you accept that an offer 
of co-authorship will be made through personal contact with the
data providers or owners whenever substantial use is made of 
their data. In all cases an acknowledgement must be made to the
data providers or owners and the data centre when these data are
used within a publication.

CONTACT POINT: rfweiss@ucsd.edu; charth@ucsd.edu; raywang@eas.gatech.edu 
 
1st column, time in farction of year
2nd column, year (YYYY)
3rd column, month (1 to 12)
4th column, mean (monthly mean value)
5th column, std. dev. (standard deviation of monthly mean)
6th column, numb (number of measurements for monthly mean)
     time   year  month          mean     std. dev.    numb
 1996.625   1996      8        84.649         0.470     461
 1996.708   1996      9        84.037         0.565     789
 1996.792   1996     10        82.365         0.614     719
 1996.875   1996     11        80.563         0.443     557
 1996.958   1996     12        79.666         0.634     909
 1997.042   1997      1        78.881         0.723     953
 1997.125   1997      2        77.491         0.566     855
 1997.208   1997      3        77.092         0.926     951
 1997.292   1997      4        75.551         0.420     926
 1997.375   1997      5        74.973         0.364     855
 1997.458   1997      6        75.190         0.359     867
 1997.542   1997      7        74.262         0.387     960
 1997.625   1997      8        73.729         0.412     941
 1997.708   1997      9        72.436         0.535     924
 1997.792   1997     10        71.095         0.655     940
 1997.875   1997     11        70.000         0.470     900
 1997.958   1997     12        68.548         0.497     969
 1998.042   1998      1        67.489         0.987     848
 1998.125   1998      2        65.961         0.618     865
 1998.208   1998      3        65.178         0.539     812
 1998.292   1998      4        64.622         0.343     925
 1998.375   1998      5        64.092         0.361     928
 1998.458   1998      6        63.512         0.437     788
 1998.542   1998      7        63.071         0.482     971
 1998.625   1998      8        62.129         0.455     930
 1998.708   1998      9        60.987         0.490     916
 1998.792   1998     10        59.962         0.703     816
 1998.875   1998     11        58.403         0.541     879
 1998.958   1998     12        57.697         0.602     976
 1999.042   1999      1        56.812         0.404     951
 1999.125   1999      2        56.108         0.309     574
 1999.208   1999      3        54.812         0.345     871
 1999.292   1999      4        54.171         0.319     945
 1999.375   1999      5        53.720         0.346     964
 1999.458   1999      6        53.024         0.321     950
 1999.542   1999      7        52.407         0.332     889
 1999.625   1999      8        51.680         0.367     963
 1999.708   1999      9        51.194         0.498     929
 1999.792   1999     10        50.123         0.513     958
 1999.875   1999     11        49.018         0.361     820
 1999.958   1999     12        48.047         0.329     820
 2000.042   2000      1        47.381         0.337     813
 2000.125   2000      2        46.644         0.337     867
 2000.208   2000      3        46.061         0.408     981
 2000.292   2000      4        45.399         0.342     923
 2000.375   2000      5        45.146         0.318     245
 2000.458   2000      6        44.492         0.323     124
 2000.542   2000      7        43.937         0.349     647
 2000.625   2000      8        43.291         0.399     951
 2000.708   2000      9        42.589         0.527     930
 2000.792   2000     10        41.536         0.590     826
 2000.875   2000     11        41.096         0.422     820
 2000.958   2000     12        40.325         0.323     960
 2001.042   2001      1        39.715         0.335     775
 2001.125   2001      2        39.096         0.354     880
 2001.208   2001      3        38.543         0.459     970
 2001.292   2001      4        38.020         0.334     933
 2001.375   2001      5        37.631         0.333     965
 2001.458   2001      6        37.027         0.327     950
 2001.542   2001      7        36.663         0.358     971
 2001.625   2001      8        36.209         0.344     828
 2001.708   2001      9        35.946         0.430     658
 2001.792   2001     10        35.191         0.628     932
 2001.875   2001     11        34.319         0.541     922
 2001.958   2001     12        33.696         0.494     964
 2002.042   2002      1        32.960         0.362     986
 2002.125   2002      2        32.496         0.320     889
 2002.208   2002      3        32.059         0.342     969
 2002.292   2002      4        31.507         0.300     953
 2002.375   2002      5        31.228         0.303     949
 2002.458   2002      6        30.847         0.305     931
 2002.542   2002      7        30.510         0.295     427
 2002.625   2002      8        29.886         0.456     452
 2002.708   2002      9        29.503         0.388     937
 2002.792   2002     10        28.966         0.365     974
 2002.875   2002     11        28.363         0.426     917
 2002.958   2002     12        27.999         0.402     970
 2003.042   2003      1        27.435         0.303     971
 2003.125   2003      2        26.972         0.366     476
 2003.208   2003      3        26.682         0.296     952
 2003.292   2003      4        26.199         0.347     905
 2003.375   2003      5        26.016         0.345     952
 2003.458   2003      6        26.036         0.595     465
 2003.542   2003      7        25.554         0.480     927
 2003.625   2003      8        25.216         0.476     933
 2003.708   2003      9        24.800         0.340     940
 2003.792   2003     10        24.350         0.413     961
 2003.875   2003     11        23.770         0.500     907
 2003.958   2003     12        23.289         0.349     977
 2004.042   2004      1        22.905         0.443     668
 2004.125   2004      2        22.481         0.409     861
 2004.208   2004      3        22.098         0.348     843
 2004.292   2004      4        21.834         0.359     864
 2004.375   2004      5        21.451         0.517     959
 2004.458   2004      6        21.343         0.555     935
 2004.542   2004      7        21.184         0.572     958
 2004.625   2004      8        20.701         0.424     962
 2004.708   2004      9        20.465         0.460     923
 2004.792   2004     10        20.136         0.300     943
 2004.875   2004     11        19.684         0.277     930
 2004.958   2004     12        19.357         0.369     832
 2005.042   2005      1        19.123         0.347     952
 2005.125   2005      2        18.775         0.311     682
 2005.208   2005      3        18.615         0.283     909
 2005.292   2005      4        18.347         0.263     901
 2005.375   2005      5        18.205         0.260     973
 2005.458   2005      6        17.804         0.349     841
 2005.542   2005      7        17.739         0.348     940
 2005.625   2005      8        17.465         0.300     966
 2005.708   2005      9        17.127         0.247     940
 2005.792   2005     10        16.773         0.251     949
 2005.875   2005     11        16.420         0.255     944
 2005.958   2005     12        16.039         0.319     944
 2006.042   2006      1        15.819         0.302     934
 2006.125   2006      2        15.654         0.312     816
 2006.208   2006      3        15.446         0.286     974
 2006.292   2006      4        15.222         0.278     925
 2006.375   2006      5        15.085         0.280     604
 2006.458   2006      6        14.883         0.254     932
 2006.542   2006      7        14.756         0.268     904
 2006.625   2006      8        14.621         0.287     980
 2006.708   2006      9        14.341         0.279     897
 2006.792   2006     10        14.155         0.286     806
 2006.875   2006     11        13.842         0.274     940
 2006.958   2006     12        13.538         0.268     664
 2007.042   2007      1        13.241         0.298     938
 2007.125   2007      2        13.006         0.274     874
 2007.208   2007      3        12.843         0.281     958
 2007.292   2007      4        12.646         0.273     937
 2007.375   2007      5        12.465         0.274     955
 2007.458   2007      6        12.328         0.273     924
 2007.542   2007      7        12.240         0.272     979
 2007.625   2007      8        12.125         0.259     981
 2007.708   2007      9        11.874         0.283     856
 2007.792   2007     10        11.596         0.263     879
 2007.875   2007     11        11.364         0.240     935
 2007.958   2007     12        11.209         0.236     952
 2008.042   2008      1        11.080         0.250     914
 2008.125   2008      2        10.870         0.236     901
 2008.208   2008      3        10.696         0.239     961
 2008.292   2008      4        10.554         0.220     939
 2008.375   2008      5        10.434         0.227     960
 2008.458   2008      6        10.344         0.228     863
 2008.542   2008      7        10.285         0.221     973
 2008.625   2008      8        10.128         0.241     962
 2008.708   2008      9        10.045         0.251     908
 2008.792   2008     10         9.944         0.243     980
 2008.875   2008     11         9.716         0.262     929
 2008.958   2008     12         9.536         0.244     977
 2009.042   2009      1         9.393         0.285     960
 2009.125   2009      2         9.241         0.268     876
 2009.208   2009      3         9.117         0.274     977
 2009.292   2009      4         8.984         0.273     941
 2009.375   2009      5         8.804         0.279    1011
 2009.458   2009      6         8.762         0.300     951
 2009.542   2009      7         8.653         0.281    1012
 2009.625   2009      8         8.598         0.266    1041
 2009.708   2009      9         8.390         0.272     945
 2009.792   2009     10         8.350         0.299     744
 2009.875   2009     11         8.249         0.313     839
 2009.958   2009     12         8.137         0.279     899
 2010.042   2010      1         7.898         0.278    1048
 2010.125   2010      2         7.779         0.313     795
 2010.208   2010      3         7.566         0.291     952
 2010.292   2010      4         7.531         0.292     191
 2010.375   2010      5           NaN           NaN       0
 2010.458   2010      6         6.826         0.538       3
 2010.542   2010      7         7.327         0.411     725
 2010.625   2010      8         7.255         0.313    1032
 2010.708   2010      9         7.169         0.268     846
 2010.792   2010     10         7.031         0.291    1030
 2010.875   2010     11         6.939         0.275    1009
 2010.958   2010     12         6.842         0.268     458
 2011.042   2011      1           NaN           NaN       0
 2011.125   2011      2           NaN           NaN       0
 2011.208   2011      3           NaN           NaN       0
 2011.292   2011      4           NaN           NaN       0
 2011.375   2011      5           NaN           NaN       0
 2011.458   2011      6           NaN           NaN       0
 2011.542   2011      7           NaN           NaN       0
 2011.625   2011      8           NaN           NaN       0
 2011.708   2011      9           NaN           NaN       0
 2011.792   2011     10           NaN           NaN       0
 2011.875   2011     11           NaN           NaN       0
 2011.958   2011     12           NaN           NaN       0
 2012.042   2012      1           NaN           NaN       0
 2012.125   2012      2           NaN           NaN       0
 2012.208   2012      3           NaN           NaN       0
 2012.292   2012      4           NaN           NaN       0
 2012.375   2012      5           NaN           NaN       0
 2012.458   2012      6           NaN           NaN       0
 2012.542   2012      7           NaN           NaN       0
 2012.625   2012      8           NaN           NaN       0
 2012.708   2012      9           NaN           NaN       0
 2012.792   2012     10           NaN           NaN       0
 2012.875   2012     11           NaN           NaN       0
 2012.958   2012     12           NaN           NaN       0
 2013.042   2013      1           NaN           NaN       0
 2013.125   2013      2           NaN           NaN       0
 2013.208   2013      3           NaN           NaN       0
 2013.292   2013      4           NaN           NaN       0
 2013.375   2013      5           NaN           NaN       0
 2013.458   2013      6           NaN           NaN       0
 2013.542   2013      7           NaN           NaN       0
 2013.625   2013      8           NaN           NaN       0
 2013.708   2013      9           NaN           NaN       0
 2013.792   2013     10           NaN           NaN       0
 2013.875   2013     11           NaN           NaN       0
 2013.958   2013     12           NaN           NaN       0
 2014.042   2014      1           NaN           NaN       0
 2014.125   2014      2           NaN           NaN       0
 2014.208   2014      3           NaN           NaN       0
 2014.292   2014      4           NaN           NaN       0
 2014.375   2014      5           NaN           NaN       0
 2014.458   2014      6           NaN           NaN       0
 2014.542   2014      7           NaN           NaN       0
 2014.625   2014      8           NaN           NaN       0
 2014.708   2014      9           NaN           NaN       0
 2014.792   2014     10           NaN           NaN       0
 2014.875   2014     11           NaN           NaN       0
 2014.958   2014     12           NaN           NaN       0
 2015.042   2015      1           NaN           NaN       0
 2015.125   2015      2           NaN           NaN       0
 2015.208   2015      3           NaN           NaN       0
 2015.292   2015      4           NaN           NaN       0
 2015.375   2015      5           NaN           NaN       0
 2015.458   2015      6           NaN           NaN       0
 2015.542   2015      7           NaN           NaN       0
 2015.625   2015      8           NaN           NaN       0
 2015.708   2015      9           NaN           NaN       0
 2015.792   2015     10           NaN           NaN       0
 2015.875   2015     11           NaN           NaN       0
 2015.958   2015     12           NaN           NaN       0
 2016.042   2016      1           NaN           NaN       0
 2016.125   2016      2           NaN           NaN       0
 2016.208   2016      3           NaN           NaN       0
 2016.292   2016      4           NaN           NaN       0
 2016.375   2016      5           NaN           NaN       0
 2016.458   2016      6           NaN           NaN       0
 2016.542   2016      7           NaN           NaN       0
 2016.625   2016      8           NaN           NaN       0
 2016.708   2016      9           NaN           NaN       0
 2016.792   2016     10           NaN           NaN       0
 2016.875   2016     11           NaN           NaN       0
 2016.958   2016     12           NaN           NaN       0
 2017.042   2017      1           NaN           NaN       0
 2017.125   2017      2           NaN           NaN       0
 2017.208   2017      3           NaN           NaN       0
 2017.292   2017      4           NaN           NaN       0
 2017.375   2017      5           NaN           NaN       0
 2017.458   2017      6           NaN           NaN       0
 2017.542   2017      7           NaN           NaN       0
 2017.625   2017      8           NaN           NaN       0
 2017.708   2017      9           NaN           NaN       0
 2017.792   2017     10           NaN           NaN       0
 2017.875   2017     11           NaN           NaN       0
 2017.958   2017     12           NaN           NaN       0
 2018.042   2018      1           NaN           NaN       0
 2018.125   2018      2           NaN           NaN       0
 2018.208   2018      3           NaN           NaN       0
 2018.292   2018      4           NaN           NaN       0
 2018.375   2018      5           NaN           NaN       0
 2018.458   2018      6           NaN           NaN       0
 2018.542   2018      7           NaN           NaN       0
 2018.625   2018      8           NaN           NaN       0
 2018.708   2018      9           NaN           NaN       0
 2018.792   2018     10           NaN           NaN       0
 2018.875   2018     11           NaN           NaN       0
 2018.958   2018     12           NaN           NaN       0
 2019.042   2019      1           NaN           NaN       0
 2019.125   2019      2           NaN           NaN       0
 2019.208   2019      3           NaN           NaN       0
 2019.292   2019      4           NaN           NaN       0
 2019.375   2019      5           NaN           NaN       0
 2019.458   2019      6           NaN           NaN       0
 2019.542   2019      7           NaN           NaN       0
 2019.625   2019      8           NaN           NaN       0
 2019.708   2019      9           NaN           NaN       0
 2019.792   2019     10           NaN           NaN       0
 2019.875   2019     11           NaN           NaN       0
